359.375 85.7726 51.4108 0.870088 1.6834e-12 -2.97163e-12 0.492896 
237.46 152.647 75.3448 0.89163 -0.0769381 -0.0464122 0.44376 
117.951 217.107 98.5468 0.903957 -0.150924 -0.0910436 0.389608 
3.25389 276.738 120.285 0.90819 -0.21917 -0.132212 0.331172 
-104.225 329.127 139.827 0.906161 -0.279175 -0.16841 0.269393 
-202.08 371.859 156.441 0.900235 -0.328793 -0.198341 0.205264 
-287.904 402.52 169.395 0.893055 -0.366198 -0.220906 0.139831 
-359.292 418.696 177.957 0.887296 -0.389798 -0.235142 0.0739611 
-413.839 417.972 181.395 0.885341 -0.39805 -0.24012 0.00834016 
-449.136 397.934 178.976 0.888912 -0.389241 -0.234806 -0.0565057 
-467.592 360.997 171.434 0.896467 -0.365176 -0.220289 -0.120277 
-471.611 309.574 159.5 0.905768 -0.327467 -0.197542 -0.182559 
-463.6 246.08 143.906 0.914242 -0.277751 -0.167551 -0.242782 
-445.965 172.93 125.384 0.919308 -0.217863 -0.131424 -0.300227 
-421.112 92.5365 104.666 0.918619 -0.14993 -0.0904441 -0.35423 
-391.446 7.31479 82.4836 0.910321 -0.0764023 -0.046089 -0.404172 
-359.375 -80.3211 59.5695 0.893223 -3.34149e-12 -6.63836e-12 -0.449614 

