P=-26.5672,-1.58989e-09,4.07111e-13,-2.84217e-14,-5.91342e-10,-26.5672,;
P=-26.5672,-1.58989e-09,4.07111e-13,-2.84217e-14,-5.91342e-10,-26.5672,;
P=30.907,-35.7071,2.195,56.2755,4.23248,18.9667,;
P=38.3255,-49.6417,2.86564,69.7213,-12.3136,12.3441,;
P=46.3813,-57.1792,2.85771,74.5812,-30.5081,5.7825,;
P=54.7758,-60.67,1.80553,76.6347,-46.687,-0.480522,;
P=63.1516,-61.9148,-0.72278,78.6105,-59.7608,-6.08064,;
P=70.8885,-62.006,-5.01792,81.3589,-69.8941,-10.5137,;
P=77.0317,-61.1254,-11.0645,84.5907,-77.7576,-13.2158,;
P=80.516,-58.6414,-18.4328,87.775,-83.8291,-13.6668,;
P=80.4193,-53.4128,-26.0598,90.7301,-88.0023,-11.6258,;
P=77.0716,-44.6241,-32.5188,93.8139,-89.4745,-7.74263,;
P=70.6629,-32.2906,-35.3172,97.1748,-87.6021,-3.90449,;
P=58.121,-17.2686,-28.9132,100.261,-82.6196,-2.78626,;
P=-35.6972,-5.38343,62.5604,101.456,-76.1064,-6.24062,;
P=-99.5833,-23.3782,126.464,97.9725,-71.2165,-14.2372,;
P=-109.898,-47.4899,136.206,86.4081,-72.1697,-24.9329,;
P=-118.566,-74.6759,139.477,62.1595,-83.1689,-35.838,;
P=-121.207,-77.7105,140.107,71.7546,-69.601,-35.838,;
HALT
P=58.7933,77.7105,-39.8929,71.7546,-69.601,-35.838,;
P=54.945,89.2987,-35.3198,62.1595,-67.6698,-41.5952,;
P=57.1949,91.763,-19.1588,67.8625,-62.6735,-44.4593,;
P=59.5787,89.5827,-3.48525,76.434,-58.1323,-46.6396,;
P=59.5194,83.2588,11.986,87.316,-54.5903,-48.9048,;
P=54.853,74.6012,28.5287,98.9989,-53.168,-52.1646,;
P=43.7972,66.6814,48.615,109.536,-55.1938,-57.5873,;
P=26.8591,64.5404,73.743,116.763,-61.4099,-66.6481,;
P=11.7978,72.1025,99.866,118.914,-70.4607,-80.4932,;
P=6.87105,84.5987,122.648,115.84,-78.9627,-97.735,;
P=9.7849,93.1035,141.967,109.341,-84.9226,-113.627,;
P=13.984,95.8832,157.492,101.847,-88.8281,-125.486,;
P=16.5189,95.7134,169.192,95.1596,-91.3152,-133.685,;
P=17.3507,95.0003,178.214,90.4999,-92.4473,-139.51,;
P=17.1493,94.9152,185.857,88.6132,-92.006,-144.061,;
P=16.4823,95.7979,193.185,89.7431,-89.765,-148.129,;
P=15.6476,97.4269,201.057,93.6014,-85.5848,-152.297,;
P=14.5197,99.1836,210.131,99.4242,-79.3556,-156.988,;
P=12.216,100.34,220.667,106.043,-70.8986,-162.395,;
P=7.25164,100.776,231.644,112.035,-60.3633,-168.056,;
P=-1.79817,101.47,241.657,116.07,-48.177,-173.365,;
P=-15.2136,103.833,248.996,117.038,-35.4223,-177.742,;
P=-32.003,108.168,251.853,114.302,-23.7483,-180.788,;
P=-50.9672,112.881,249.099,107.773,-14.6205,-182.331,;
P=-71.0736,115.327,241.165,97.6022,-8.7576,-182.358,;
P=-90.6251,113.228,230.383,83.6315,-6.38734,-180.928,;
P=-90.6134,99.3119,231.219,79.2384,-1.96739,-170.115,;
HALT
P=19.722,-54.7595,-109.63,79.2384,81.2058,9.88451,;
P=19.4084,-54.6686,-109.449,95.0964,96.7922,9.88451,;
P=5.17453,-47.3672,-113.774,107.717,102.75,-12.9946,;
P=-7.48328,-41.5436,-118.4,114.905,106.124,-35.8595,;
P=-18.8973,-37.9211,-122.296,117.453,106.666,-56.6154,;
P=-29.4497,-36.6262,-123.997,116.314,104.487,-73.2332,;
P=-39.1419,-37.4392,-122.698,112.56,100.366,-84.3576,;
P=-47.3724,-40.043,-118.715,107.174,95.5692,-89.463,;
P=-53.1759,-43.8777,-113.206,100.916,91.5512,-88.8203,;
P=-55.8001,-47.7518,-107.85,94.3384,89.5679,-83.6822,;
P=-55.2907,-50.1151,-104.459,87.8365,90.263,-75.9302,;
P=-53.2142,-50.3846,-103.849,81.8774,92.721,-67.8538,;
P=-51.2718,-48.9638,-105.514,77.2869,96.0057,-60.1997,;
P=-51.0517,-46.3042,-108.154,75.2116,99.5854,-53.1567,;
P=-53.9915,-42.5546,-110.09,76.6311,103.2,-46.984,;
P=-61.36,-37.9031,-109.509,81.6849,106.518,-42.1821,;
P=-74.5683,-33.0986,-104.511,89.5635,108.975,-39.5009,;
P=-94.8195,-29.7166,-93.8597,98.9181,109.845,-39.922,;
P=-120.316,-29.5147,-80.0975,108.252,108.277,-44.7608,;
P=-145.686,-31.1562,-70.5644,115.54,103.711,-55.3324,;
P=-168.259,-29.5562,-69.998,118.907,97.0346,-74.0847,;
P=-181.092,-20.1431,-83.5321,116.969,91.5397,-100.952,;
P=-125.84,-3.88925,-168.505,119.774,88.8435,-137.696,;
P=-73.5798,-24.6888,-247.779,117.465,93.7485,-172.418,;
P=-90.9056,-41.4819,-250.069,111.775,102.203,-192.663,;
P=-106.324,-53.9087,-250.779,104.664,111.119,-203.756,;
P=-29.3569,108.678,-245.285,97.8113,-22.7958,-29.5792,;
P=-38.7876,103.113,-252.826,90.9772,-39.0658,-31.2529,;
P=-46.2842,97.1352,-260.318,84.2478,-54.5441,-29.1139,;
P=-52.2267,90.648,-268.821,78.126,-68.1649,-23.059,;
P=-56.8435,83.6517,-279.3,73.4374,-78.5073,-12.8392,;
P=-60.1073,76.4603,-292.162,71.0254,-83.9278,1.3125,;
P=-61.9221,70.0796,-306.559,71.2661,-83.1068,17.8965,;
P=-62.7688,66.0448,-320.373,73.6407,-75.8696,34.4961,;
P=-58.9491,70.4411,-321.79,81.3144,-62.5476,34.4961,;
HALT
P=-58.9491,70.4411,38.2099,81.3144,-62.5476,34.4961,;
P=-55.2539,81.9866,33.0663,73.6407,-58.7348,40.1848,;
P=-53.2722,84.9148,20.2214,83.1446,-40.6588,44.6389,;
P=-53.8127,90.6214,8.22926,86.6884,-25.9294,49.0734,;
P=-58.3868,96.0548,-2.849,86.5056,-14.5137,53.9512,;
P=-66.6543,98.6876,-12.7339,84.245,-6.14114,59.8123,;
P=-77.1697,97.2474,-20.2544,80.9836,-0.44755,67.1535,;
P=-88.2909,91.963,-23.9257,77.2712,2.81424,76.1506,;
P=-98.9627,84.325,-23.152,73.289,3.8016,86.2855,;
P=-108.691,76.3288,-18.7656,69.0599,2.79637,96.3178,;
P=-117.115,69.5328,-12.5349,64.6477,0.35797,104.934,;
P=-124.261,64.2247,-5.80192,60.5659,-2.62937,111.858,;
P=-130.351,60.1281,0.780087,57.4764,-5.38303,117.373,;
P=-135.804,56.7963,7.12097,56.1344,-7.25833,121.973,;
P=-141.22,53.8874,13.5032,57.1942,-7.80326,126.178,;
P=-147.324,51.3721,20.4169,60.95,-6.85,130.498,;
P=-154.85,49.6414,28.3637,67.2238,-4.56037,135.469,;
P=-164.32,49.4857,37.5221,75.4755,-1.40268,141.707,;
P=-175.737,51.9228,47.2402,84.9416,1.81895,149.922,;
P=-187.996,57.3928,55.372,94.2627,3.76886,160.262,;
P=-200.356,64.9386,59.8396,102.117,2.90705,172.326,;
P=-212.603,72.189,59.6181,107.05,-2.20715,184.957,;
P=-223.863,76.733,55.2238,107.563,-12.0705,196.683,;
P=-232.119,78.3085,48.3906,102.538,-25.6813,206.525,;
P=-235.858,79.0964,40.7198,91.4598,-41.4384,214.27,;
P=-235.248,81.9699,33.0618,73.6609,-58.7152,220.177,;
P=-238.943,70.4243,38.2061,81.3303,-62.5322,214.489,;
HALT
P=-58.9429,-70.4243,38.2061,-81.3303,62.5322,34.4887,;
P=-62.7653,-66.0249,39.6256,-73.6609,75.8536,34.4887,;
P=-75.7035,-47.3791,37.6165,-93.7231,73.6353,42.4375,;
P=-88.3374,-29.2568,34.2845,-106.323,75.7771,55.8237,;
P=-91.8751,-12.9646,18.309,-112.48,79.0316,76.1392,;
P=-41.8242,-6.51221,-53.8005,-113.01,79.8409,100.006,;
P=-28.925,-7.99983,-86.2629,-109.474,77.7944,120.146,;
P=-57.0397,-5.90299,-72.326,-103.84,74.8744,134.262,;
P=-129.307,-5.42459,-9.65746,-97.9304,72.1931,144.176,;
P=-173.146,-10.3852,27.3973,-93.2483,69.7502,151.87,;
P=-192.915,-16.4408,41.5817,-90.9372,67.188,158.715,;
P=-206.238,-22.7758,49.3659,-90.4901,64.7122,165.593,;
P=-216.634,-29.4715,53.5638,-90.9616,62.7791,172.995,;
P=-224.971,-36.6267,54.7106,-91.1672,61.9841,181.122,;
P=-231.516,-44.2507,53.1608,-89.865,62.9201,189.86,;
P=-236.359,-52.3693,49.5591,-85.9037,66.0547,198.773,;
P=-239.528,-61.1806,44.8582,-78.2786,71.7003,207.221,;
P=-240.975,-71.1872,40.1131,-65.8894,80.1943,214.605,;
P=-237.852,-74.7918,39.1988,-74.545,66.858,214.605,;
HALT
P=-57.8521,74.7918,39.1988,74.545,-66.858,34.6053,;
P=-54.1725,86.2887,34.4926,65.8894,-64.1244,40.3,;
P=-82.1477,75.7411,41.2831,86.901,-58.1648,34.5652,;
P=-109.01,68.4602,50.3781,100.456,-56.5592,25.8756,;
P=-133.682,64.2086,61.5221,108.256,-57.252,14.039,;
P=-153.762,62.7614,72.5813,111.115,-58.3015,0.243751,;
P=-167.481,62.6383,80.4834,110.124,-58.4012,-13.0159,;
P=-175.311,62.6583,83.6738,106.79,-57.2839,-23.6107,;
P=-178.71,63.2537,82.4867,102.636,-55.1159,-30.8078,;
P=-179.01,65.6491,78.2943,98.902,-51.9081,-34.7156,;
P=-177.258,70.9549,72.7275,96.3549,-47.5315,-35.5227,;
P=-174.401,79.2479,67.3948,94.6274,-42.361,-33.9934,;
P=-170.793,90.2833,63.1947,93.1101,-36.8938,-30.6068,;
P=-166.349,103.621,60.6505,91.2538,-31.6434,-25.7022,;
P=-160.549,118.676,60.2897,88.7067,-27.018,-19.5541,;
P=-45.9593,112.086,136.768,-85.2604,-108.557,-12.4138,;
P=-36.8072,105.889,150.704,-80.7611,-101.389,-4.52369,;
P=-29.0611,98.9203,163.353,-74.9676,-94.093,3.8576,;
P=-25.1304,84.6016,159.423,-90.2613,-94.5556,-0.24619,;
HALT
P=154.87,-84.6016,-20.5774,-90.2613,-94.5556,-0.24619,;
P=153.695,-87.7314,-20.4988,-102.507,-110.143,-0.24619,;
P=152.138,-86.7896,-6.57077,-107.018,-108.532,1.87434,;
P=149.023,-88.4503,7.14986,-109.085,-106.796,3.93212,;
P=145.548,-92.6571,19.742,-110.177,-106.068,6.08297,;
P=142.987,-98.6469,30.4646,-110.271,-105.661,7.10978,;
P=141.448,-105.602,39.5019,-110.187,-105.985,7.36376,;
P=140.859,-113.055,47.2366,-110.321,-107.276,7.11951,;
P=268.988,-106.694,-46.5668,-110.871,-1.01363,186.662,;
P=268.173,-96.8142,-43.0135,-111.804,2.26638,186.128,;
P=267.703,-86.9435,-38.6592,-112.839,7.31345,185.428,;
P=267.245,-77.8466,-33.5931,-113.435,13.7271,183.664,;
P=266.443,-70.0818,-27.6451,-113.36,20.7399,180.372,;
P=265.06,-64.0119,-20.628,-112.657,27.4906,175.421,;
P=263.202,-59.8073,-12.6401,-111.515,33.3032,168.882,;
P=261.393,-57.3897,-4.21814,-110.138,37.847,160.935,;
P=260.407,-56.398,3.80504,-108.635,41.2009,151.766,;
P=260.919,-56.2685,10.6394,-106.985,43.8226,141.503,;
P=263.268,-56.4715,15.7682,-105.023,46.4658,130.194,;
P=266.87,-56.961,19.5693,-102.322,49.9155,118.203,;
P=271.087,-57.999,22.4833,-98.6033,54.548,105.904,;
P=275.342,-59.9135,24.9583,-93.8047,60.3379,93.6087,;
P=279.213,-62.9113,27.4088,-88.096,66.9485,81.4958,;
P=282.456,-66.995,30.1768,-81.8409,73.8559,69.5925,;
P=284.994,-71.9703,33.4961,-75.5313,80.4605,57.8382,;
P=286.849,-77.505,37.4719,-69.7169,86.1632,46.1728,;
P=288.755,-79.9601,37.0994,-81.1312,71.6634,46.1728,;
HALT
P=-71.2454,-79.9601,37.0994,-81.1312,71.6634,46.1728,;
P=-66.8035,-92.1241,31.8904,-69.7169,70.5284,52.0115,;
P=-74.9542,-94.2833,16.3698,-74.1467,62.5515,58.4926,;
P=-84.4749,-93.2953,1.88203,-79.3664,54.4774,64.8061,;
P=-94.3184,-88.7849,-11.1612,-85.5004,46.2688,71.5544,;
P=-103.835,-81.0902,-22.28,-91.9979,38.212,79.3049,;
P=-113.073,-70.799,-30.9392,-98.0364,30.8291,88.4705,;
P=-122.686,-58.5926,-36.247,-102.909,24.7417,99.1446,;
P=-134.079,-45.472,-36.5693,-106.387,20.3962,110.998,;
P=-150.405,-33.1503,-28.7464,-108.879,17.7894,123.461,;
P=-177.508,-24.6557,-7.43375,-111.277,16.457,136.209,;
P=-213.63,-24.3227,24.1314,-113.561,16.4817,149.478,;
P=-239.177,-31.8719,45.0342,-115.232,18.2771,163.52,;
P=-251.646,-42.4819,51.9196,-115.317,22.4326,178.279,;
P=-256.632,-53.2355,50.5386,-112.586,29.2794,193.167,;
P=-256.66,-63.4179,44.8002,-105.95,38.5748,207.246,;
P=-252.819,-73.827,37.5799,-94.6895,49.7751,219.7,;
P=-246.064,-85.8715,31.0491,-78.0921,62.7234,230.173,;
P=-250.376,-73.7942,36.7783,-87.7071,65.5133,224.292,;
HALT
